    1850       1     131     100     106     195
    1850       2     127     100     106     194
    1850       3     123      98     105     195
    1850       4     123     100     106     198
    1850       5     126     102     109     201
    1850       6     134     103     110     202
    1850       7     138     106     114     205
    1850       8     142     108     115     205
    1850       9     143     108     117     203
    1850      10     143     107     116     200
    1850      11     140     105     113     198
    1850      12     137     102     108     197
